============================================================
Model 000 
TP:1467, TN:47128,  FP:119,  FN:18456
accuracy:0.723463
precision:0.924968
recall:0.073633
f_measure:0.136408
sensitivity:0.073633
specificity:0.997481
error_rate:0.276537
apcer:0.002519
bpcer:0.926367
acer:0.464443
eer:0.309905
hter:0.309241
TPR@FPR=10E-3:0.077910
TPR@FPR=5E-3:0.043135
TPR@FPR=10E-4:0.007831

