============================================================
Model 000 
TP:14092, TN:41016,  FP:6231,  FN:5831
accuracy:0.820426
precision:0.693402
recall:0.707323
f_measure:0.700293
sensitivity:0.707323
specificity:0.868119
error_rate:0.179574
apcer:0.131881
bpcer:0.292677
acer:0.212279
eer:0.209753
hter:0.207565
TPR@FPR=10E-3:0.212077
TPR@FPR=5E-3:0.152348
TPR@FPR=10E-4:0.058924

