============================================================
Model 000 
TP:14956, TN:40599,  FP:6648,  FN:4967
accuracy:0.827081
precision:0.692279
recall:0.750690
f_measure:0.720302
sensitivity:0.750690
specificity:0.859293
error_rate:0.172919
apcer:0.140707
bpcer:0.249310
acer:0.195009
eer:0.196560
hter:0.194130
TPR@FPR=10E-3:0.259170
TPR@FPR=5E-3:0.191187
TPR@FPR=10E-4:0.080344

